start,end,seconds,bytes,bits_per_second,jitter_ms,lost_packets,packets,lost_percent,omitted,sender,interval,type,rtt,snd_cwnd,throughput,protocol,direction,throughput_rolled3,time_since_start,run,month,server location
0.0,1.000013,1.000012993812561,191383712,1531049801.8258533,0.0017102279404312638,35649,174736,20.40163446570827,False,False,0,udp,,,1531.0498018258534,UDP,downlink,1531.0498018258534,0.0,64661,dec,south-central
1.000013,2.000012,0.9999989867210388,194995712,1559967276.6820216,0.0028321297847239877,40158,181870,22.080607026997306,False,False,1,udp,,,1559.9672766820215,UDP,downlink,1545.5085392539374,0.9999990000000001,64661,dec,south-central
2.000012,3.000012,1.0,203785600,1630284800.0,0.011658440331252221,37315,185415,20.125124720222203,False,False,2,udp,,,1630.2848,UDP,downlink,1573.7672928359582,1.999999,64661,dec,south-central
3.000012,4.00006,1.000048041343689,191175936,1529334016.7388866,0.048991409134176926,38591,177527,21.73810180986554,False,False,3,udp,,,1529.3340167388867,UDP,downlink,1573.1953644736361,3.0000470000000004,64661,dec,south-central
4.00006,5.000022,0.9999619722366333,220501248,1764077067.905299,0.006019433916064174,18377,178625,10.288033589923023,False,False,4,udp,,,1764.077067905299,UDP,downlink,1641.231961548062,4.000009,64661,dec,south-central
5.000022,6.00003,1.0000079870224,216425536,1731390459.3456182,0.011356389709031342,27274,184560,14.777850021673169,False,False,5,udp,,,1731.3904593456182,UDP,downlink,1674.9338479966016,5.000017000000001,64661,dec,south-central
6.00003,7.000015,0.9999849796295166,204119968,1632984272.0287595,0.0036448222554181374,29966,178309,16.80565759440073,False,False,6,udp,,,1632.9842720287595,UDP,downlink,1709.4839330932257,6.000002,64661,dec,south-central
7.000015,8.000015,1.0,214719296,1717754368.0,0.0032666049528996956,31134,187180,16.633187306336147,False,False,7,udp,,,1717.754368,UDP,downlink,1694.0430331247928,7.000002,64661,dec,south-central
8.000015,9.000011,0.9999960064888,227304192,1818440797.9636931,0.002581431349209502,22862,188054,12.157146351579865,False,False,8,udp,,,1818.440797963693,UDP,downlink,1723.059812664151,7.999998000000001,64661,dec,south-central
9.000011,10.000011,1.0,223246368,1785970944.0,0.0017396273097965691,25833,188076,13.735404836342756,False,False,9,udp,,,1785.970944,UDP,downlink,1774.0553699878976,8.999998,64661,dec,south-central
10.000011,11.000014,1.0000029802322388,218151040,1745203118.889402,0.0009998215855914483,29444,187984,15.663035151927824,False,False,10,udp,,,1745.2031188894018,UDP,downlink,1783.2049536176983,10.000001000000001,64661,dec,south-central
11.000014,12.000013,0.9999989867210388,217212608,1737702624.7775104,0.0025231159261980014,30214,188072,16.06512399506572,False,False,11,udp,,,1737.7026247775104,UDP,downlink,1756.292229222304,11.0,64661,dec,south-central
12.000013,13.000013,1.0,221936416,1775491328.0,0.0026262045523293377,25743,187034,13.763807649946,False,False,12,udp,,,1775.491328,UDP,downlink,1752.7990238889709,12.0,64661,dec,south-central
13.000013,14.000025,1.0000120401382446,198314624,1586497890.3460755,0.0034508928731906115,33954,178078,19.066925729174855,False,False,13,udp,,,1586.4978903460756,UDP,downlink,1699.8972810411954,13.000012000000002,64661,dec,south-central
14.000025,15.000033,1.0000079870224,201601888,1612802222.5125222,0.007512980373159222,40801,187314,21.782141217421014,False,False,14,udp,,,1612.8022225125221,UDP,downlink,1658.2638136195328,14.000020000000001,64661,dec,south-central
15.000033,16.000011,0.9999780058860779,210669728,1685394892.7672753,0.0036473354318910236,34915,188018,18.570030528991904,False,False,15,udp,,,1685.3948927672752,UDP,downlink,1628.231668541958,14.999998000000001,64661,dec,south-central
16.000011,17.000012,1.0000009536743164,205394144,1643151584.9685354,0.0017754004551278919,38763,188032,20.61510806671205,False,False,16,udp,,,1643.1515849685354,UDP,downlink,1647.1162334161115,15.999999,64661,dec,south-central
17.000012,18.000013,1.0000009536743164,205449184,1643591904.548614,0.002001370039958128,38718,188027,20.591723529067632,False,False,17,udp,,,1643.5919045486141,UDP,downlink,1657.3794607614755,17.0,64661,dec,south-central
18.000013,19.001385,1.00137197971344,210554144,1682125310.1989431,0.1954827790958537,34669,187688,18.471612463236863,False,False,18,udp,,,1682.1253101989432,UDP,downlink,1656.2895999053646,18.001372,64661,dec,south-central
19.001385,20.000012,0.9986270070075989,205288192,1644563510.1750288,0.00668573309421822,39074,188266,20.754676893331776,False,False,19,udp,,,1644.5635101750288,UDP,downlink,1656.7602416408624,18.999999000000003,64661,dec,south-central
20.000012,21.000015,1.0000029802322388,204373152,1634980343.378871,0.003935747503582511,39261,187788,20.90708671480606,False,False,20,udp,,,1634.9803433788709,UDP,downlink,1653.889721250948,20.000002000000002,64661,dec,south-central
21.000015,22.000011,0.9999960064888,203531040,1628254822.4538698,0.0029426066944175477,40372,188287,21.441735223355835,False,False,21,udp,,,1628.2548224538698,UDP,downlink,1635.93289200259,20.999998,64661,dec,south-central
22.000011,23.000013,1.0000020265579224,209373536,1674984893.5460942,0.003737725097346929,35886,188047,19.083526990592777,False,False,22,udp,,,1674.984893546094,UDP,downlink,1646.0733531262786,22.0,64661,dec,south-central
23.000013,24.000013,1.0,207500800,1660006400.0,0.002308964447144069,37222,188022,19.796619544521384,False,False,23,udp,,,1660.0064,UDP,downlink,1654.4153719999883,23.0,64661,dec,south-central
24.000013,25.000042,1.0000289678573608,201915616,1615278136.8533335,0.0071319763806078785,42980,189721,22.654318710105894,False,False,24,udp,,,1615.2781368533335,UDP,downlink,1650.089810133143,24.000029,64661,dec,south-central
25.000042,26.000013,0.9999709725379944,199665856,1597373215.6903272,0.001946663037617795,46931,192037,24.4385196602738,False,False,25,udp,,,1597.3732156903272,UDP,downlink,1624.2192508478872,25.0,64661,dec,south-central
26.000013,27.000015,1.0000020265579224,208110368,1664879570.0251176,0.0028480694075469055,44874,196117,22.88123926023751,False,False,26,udp,,,1664.8795700251176,UDP,downlink,1625.8436408562595,26.000002000000002,64661,dec,south-central
27.000015,28.000012,0.9999970197677612,209007520,1672065143.1424448,0.003896019727627281,42216,194111,21.748381080927924,False,False,27,udp,,,1672.0651431424449,UDP,downlink,1644.7726429526301,26.999999000000003,64661,dec,south-central
28.000012,29.000014,1.0000020265579224,204311232,1634486543.618346,0.0011486842386532598,42657,191139,22.317266491924723,False,False,28,udp,,,1634.4865436183459,UDP,downlink,1657.14375226197,28.000001,64661,dec,south-central
29.000014,30.000035,1.000020980834961,204359392,1634840835.6742394,0.0021198869249436396,39544,188061,21.02721989141821,False,False,29,udp,,,1634.8408356742393,UDP,downlink,1647.1308408116772,29.000022,64661,dec,south-central
